Ativo;00:00:40;;;;06:53:54;06:54:34
Alerta;00:14:39;;;;06:54:34;07:09:13
Alerta;00:00:18;;;;07:09:13;07:09:31
Alerta;00:04:12;;;;07:09:31;07:13:43
Quieto;00:02:10;;;;07:13:43;07:15:53
QMME;00:00:05;;;;07:15:53;07:15:58
QPC;00:12:03;;;;07:15:58;07:28:01
Quieto;00:00:40;;;;07:28:01;07:28:41
QMMD;00:00:09;;;;07:28:41;07:28:50
QPC;00:03:42;;;;07:28:50;07:32:32
QMME;00:00:08;;;;07:32:32;07:32:40
QPC;00:07:58;;;;07:32:40;07:40:38
REM;00:00:37;;;;07:40:38;07:41:15
Quieto;00:01:53;;;;07:41:15;07:43:08
Alerta;00:00:34;;;;07:43:08;07:43:42
Ativo;00:01:20;;;;07:43:42;07:45:02
Alerta;00:01:54;;;;07:45:02;07:46:56
QMME;00:00:16;;;;07:46:56;07:47:12
Quieto;00:01:58;;;;07:47:12;07:49:10
QMMD;00:00:17;;;;07:49:10;07:49:27
Quieto;00:00:20;;;;07:49:27;07:49:47
Quieto;00:00:10;;;;07:49:47;07:49:57
Quieto;00:01:55;;;;07:49:57;07:51:52
QMME;00:00:07;;;;07:51:52;07:51:59
Quieto;00:00:39;;;;07:51:59;07:52:38
QMMD;00:00:15;;;;07:52:38;07:52:53
Alerta;00:08:36;;;;07:52:53;08:01:29
QPCN;00:10:57;;;;08:01:29;08:12:26
REMD;00:00:50;;;;08:12:26;08:13:16
QPC;00:12:56;;;;08:13:16;08:26:12
REM;00:00:19;;;;08:26:12;08:26:31
Quieto;00:02:39;;;;08:26:31;08:29:10
AMMD;00:00:10;;;;08:29:10;08:29:20
Quieto;00:13:23;;;;08:29:20;08:42:43
QMME;00:00:10;;;;08:42:43;08:42:53
Quieto;00:01:46;;;;08:42:53;08:44:39
Alerta;00:04:04;;;;08:44:39;08:48:43
AMMD;00:00:07;;;;08:48:43;08:48:50
Ativo;00:04:25;;;;08:48:50;08:53:15
QPC;00:19:33;;;;08:53:15;09:12:48
REM;00:00:39;;;;09:12:48;09:13:27
QPC;00:11:26;;;;09:13:27;09:24:53
QPC;00:16:24;;;;09:24:53;09:41:17
REM;00:00:45;;;;09:41:17;09:42:02
Quieto;00:08:18;;;;09:42:02;09:50:20
Alerta;00:00:55;;;;09:50:20;09:51:15
Ativo;00:03:00;;;;09:51:15;09:54:15
Alerta;00:03:23;;;;09:54:15;09:57:38
QPC;00:04:16;;;;09:57:38;10:01:54
QMME;00:00:11;;;;10:01:54;10:02:05
Quieto;00:01:56;;;;10:02:05;10:04:01
QMME;00:00:08;;;;10:04:01;10:04:09
Quieto;00:03:48;;;;10:04:09;10:07:57
QMMD;00:00:18;;;;10:07:57;10:08:15
QPC;00:12:06;;;;10:08:15;10:20:21
REM;00:00:46;;;;10:20:21;10:21:07
Quieto;00:01:08;;;;10:21:07;10:22:15
QPCN;00:11:23;;;;10:22:15;10:33:38
QMMD;00:00:13;;;;10:33:38;10:33:51
Quieto;00:06:30;;;;10:33:51;10:40:21
QMME;00:00:08;;;;10:40:21;10:40:29
Quieto;00:13:18;;;;10:40:29;10:53:47
REM;00:00:57;;;;10:53:47;10:54:44
QPCN;00:25:06;;;;10:54:44;11:19:50
QPCN;00:07:39;;;;11:19:50;11:27:29
REM;00:01:09;;;;11:27:29;11:28:38
Quieto;00:07:48;;;;11:28:38;11:36:26
QMME;00:00:06;;;;11:36:26;11:36:32
Quieto;00:03:54;;;;11:36:32;11:40:26
QMMD;00:00:11;;;;11:40:26;11:40:37
Quieto;00:05:02;;;;11:40:37;11:45:39
Alerta;00:02:18;;;;11:45:39;11:47:57
Ativo;00:00:52;;;;11:47:57;11:48:49
Alerta;00:00:09;;;;11:48:49;11:48:58
Ativo;00:01:41;;;;11:48:58;11:50:39
Alerta;00:02:20;;;;11:50:39;11:52:59
Alerta;00:03:43;;;;11:52:59;11:56:42
AMMD;00:00:05;;;;11:56:42;11:56:47
Alerta;00:01:25;;;;11:56:47;11:58:12
Ativo;00:02:53;;;;11:58:12;12:01:05
Alerta;00:04:11;;;;12:01:05;12:05:16
QPCN;00:03:57;;;;12:05:16;12:09:13
Alerta;00:00:39;;;;12:09:13;12:09:52
Quieto;00:03:37;;;;12:09:52;12:13:29
QMME;00:00:07;;;;12:13:29;12:13:36
Quieto;00:02:04;;;;12:13:36;12:15:40
Alerta;00:00:55;;;;12:15:40;12:16:35
QPCN;00:02:20;;;;12:16:35;12:18:55
QMME;00:00:13;;;;12:18:55;12:19:08
Quieto;00:04:01;;;;12:19:08;12:23:09
Alerta;00:02:36;;;;12:23:09;12:25:45
Alerta;00:00:45;;;;12:25:45;12:26:30
Ativo;00:00:12;;;;12:26:30;12:26:42
Quieto;00:00:36;;;;12:26:42;12:27:18
Ativo;00:04:46;;;;12:27:18;12:32:04
Alerta;00:09:14;;;;12:32:04;12:41:18
Ativo;00:11:43;;;;12:41:18;12:53:01
Alerta;00:02:32;;;;12:53:01;12:55:33
Quieto;00:00:11;;;;12:55:33;12:55:44
AMMD;00:00:05;;;;12:55:44;12:55:49
Ativo;00:01:59;;;;12:55:49;12:57:48
Alerta;00:02:48;;;;12:57:48;13:00:36
QMMD;00:00:13;;;;13:00:36;13:00:49
Alerta;00:08:15;;;;13:00:49;13:09:04
Quieto;00:04:45;;;;13:09:04;13:13:49
QPC;00:04:56;;;;13:13:49;13:18:45
QMMD;00:00:10;;;;13:18:45;13:18:55
Alerta;00:02:55;;;;13:18:55;13:21:50
Ativo;00:07:11;;;;13:21:50;13:29:01
Alerta;00:03:59;;;;13:29:01;13:33:00
Ativo;00:03:40;;;;13:33:00;13:36:40
Alerta;00:32:10;;;;13:36:40;14:08:50
AMME;00:00:16;;;;14:08:50;14:09:06
Alerta;00:01:29;;;;14:09:06;14:10:35
Alerta;00:11:44;;;;14:10:35;14:22:19
AMMD;00:00:23;;;;14:22:19;14:22:42
Alerta;00:39:11;;;;14:22:42;15:01:53
Ativo;00:03:15;;;;15:01:53;15:05:08
Alerta;00:03:33;;;;15:05:08;15:08:41
Alerta;00:07:25;;;;15:08:41;15:16:06
AMME;00:00:13;;;;15:16:06;15:16:19
Alerta;00:06:50;;;;15:16:19;15:23:09
Alerta;00:06:06;;;;15:23:09;15:29:15
Alerta;00:00:14;;;;15:29:15;15:29:29
Quieto;00:25:38;;;;15:29:29;15:55:07
Alerta;00:00:16;;;;15:55:07;15:55:23
Quieto;00:03:31;;;;15:55:23;15:58:54
REM;00:00:16;;;;15:58:54;15:59:10
Alerta;00:02:20;;;;15:59:10;16:01:30
Ativo;00:01:45;;;;16:01:30;16:03:15
Alerta;00:04:14;;;;16:03:15;16:07:29
Alerta;00:04:50;;;;16:07:29;16:12:19
Alerta;00:14:26;;;;16:12:19;16:26:45
QPCN;00:08:51;;;;16:26:45;16:35:36
Alerta;00:01:23;;;;16:35:36;16:36:59
Alerta;00:02:59;;;;16:36:59;16:39:58
AMME;00:00:08;;;;16:39:58;16:40:06
Quieto;00:07:14;;;;16:40:06;16:47:20
Alerta;00:00:38;;;;16:47:20;16:47:58
Ativo;00:02:10;;;;16:47:58;16:50:08
Alerta;00:10:07;;;;16:50:08;17:00:15
AMME;00:00:14;;;;17:00:15;17:00:29
Alerta;00:05:22;;;;17:00:29;17:05:51
Ativo;00:01:26;;;;17:05:51;17:07:17
Quieto;00:17:17;;;;17:07:17;17:24:34
Alerta;00:02:06;;;;17:24:34;17:26:40
Alerta;00:02:31;;;;17:26:40;17:29:11
Ativo;00:01:21;;;;17:29:11;17:30:32
QPCN;00:05:14;;;;17:30:32;17:35:46
QMMD;00:00:19;;;;17:35:46;17:36:05
QPCN;00:06:07;;;;17:36:05;17:42:12
REM;00:00:36;;;;17:42:12;17:42:48
Quieto;00:18:00;;;;17:42:48;18:00:48
QMME;00:00:09;;;;18:00:48;18:00:57
Quieto;00:02:48;;;;18:00:57;18:03:45
QMMD;00:00:17;;;;18:03:45;18:04:02
Ativo;00:01:27;;;;18:04:02;18:05:29
Alerta;00:02:09;;;;18:05:29;18:07:38
Ativo;00:02:48;;;;18:07:38;18:10:26
Alerta;00:02:26;;;;18:10:26;18:12:52
Alerta;00:30:26;;;;18:12:52;18:43:18
AMME;00:00:14;;;;18:43:18;18:43:32
Alerta;00:09:43;;;;18:43:32;18:53:15
AMMD;00:00:07;;;;18:53:15;18:53:22
Alerta;00:00:32;;;;18:53:22;18:53:54