Alerta;00:07:23;;;06:53:00;07:00:23
Quieto;00:00:36;;;07:00:23;07:00:59
QMME;00:00:04;;;07:00:59;07:01:03
Quieto;00:00:59;;;07:01:03;07:02:02
QMMD;00:00:07;;;07:02:02;07:02:09
Quieto;00:07:07;;;07:02:09;07:09:16
Alerta;00:01:19;;;07:09:16;07:10:35
Alerta;00:08:25;;;07:10:35;07:19:00
Quieto;00:02:00;;;07:19:00;07:21:00
QMME;00:00:10;;;07:21:00;07:21:10
Quieto;00:07:18;;;07:21:10;07:28:28
QMME;00:00:04;;;07:28:28;07:28:32
Quieto;00:05:32;;;07:28:32;07:34:04
QMMD;00:00:02;;;07:34:04;07:34:06
Quieto;00:04:48;;;07:34:06;07:38:54
QMME;00:00:11;;;07:38:54;07:39:05
Quieto;00:02:07;;;07:39:05;07:41:12
Alerta;00:00:48;;;07:41:12;07:42:00
Quieto;00:05:11;;;07:42:00;07:47:11
REME;00:01:01;;;07:47:11;07:48:12
QPC;00:07:12;;;07:48:12;07:55:24
REM;00:00:29;;;07:55:24;07:55:53
Alerta;00:00:07;;;07:55:53;07:56:00
QPC;00:07:48;;;07:56:00;08:03:48
QMME;00:00:04;;;08:03:48;08:03:52
Quieto;00:00:06;;;08:03:52;08:03:58
QPC;00:21:30;;;08:03:58;08:25:28
REM;00:00:26;;;08:25:28;08:25:54
QPC;00:00:18;;;08:25:54;08:26:12
Alerta;00:00:48;;;08:26:12;08:27:00
Quieto;00:02:51;;;08:27:00;08:29:51
QMMD;00:00:11;;;08:29:51;08:30:02
QPC;00:02:48;;;08:30:02;08:32:50
QMME;00:00:10;;;08:32:50;08:33:00
QPC;00:01:10;;;08:33:00;08:34:10
Alerta;00:02:31;;;08:34:10;08:36:41
Alerta;00:01:49;;;08:36:41;08:38:30
Alerta;00:02:24;;;08:38:30;08:40:54
Ativo;00:00:31;;;08:40:54;08:41:25
Quieto;00:01:34;;;08:41:25;08:42:59
QMME;00:00:07;;;08:42:59;08:43:06
QMME;00:00:09;;;08:43:06;08:43:15
QPC;00:00:07;;;08:43:15;08:43:22
Alerta;00:02:58;;;08:43:22;08:46:20
QMME;00:00:06;;;08:46:20;08:46:26
QPC;00:00:41;;;08:46:26;08:47:07
QMME;00:00:14;;;08:47:07;08:47:21
QPC;00:00:45;;;08:47:21;08:48:06
QMMD;00:00:03;;;08:48:06;08:48:09
QPC;00:02:32;;;08:48:09;08:50:41
QMMD;00:00:11;;;08:50:41;08:50:52
Quieto;00:00:38;;;08:50:52;08:51:30
QPC;00:02:08;;;08:51:30;08:53:38
QMMD;00:00:13;;;08:53:38;08:53:51
QPC;00:05:56;;;08:53:51;08:59:47
QMME;00:00:04;;;08:59:47;08:59:51
QPC;00:06:09;;;08:59:51;09:06:00
Alerta;00:04:50;;;09:06:00;09:10:50
QPC;00:00:20;;;09:10:50;09:11:10
QMME;00:00:04;;;09:11:10;09:11:14
QPC;00:00:05;;;09:11:14;09:11:19
QPC;00:10:26;;;09:11:19;09:21:45
Alerta;00:01:35;;;09:21:45;09:23:20
Quieto;00:00:40;;;09:23:20;09:24:00
QPC;00:04:03;;;09:24:00;09:28:03
REM;00:00:41;;;09:28:03;09:28:44
Alerta;00:00:34;;;09:28:44;09:29:18
QPC;00:02:45;;;09:29:18;09:32:03
QMMD;00:00:05;;;09:32:03;09:32:08
Quieto;00:01:37;;;09:32:08;09:33:45
Alerta;00:02:15;;;09:33:45;09:36:00
QPC;00:06:52;;;09:36:00;09:42:52
QMMD;00:00:09;;;09:42:52;09:43:01
QPC;00:07:38;;;09:43:01;09:50:39
QMME;00:00:09;;;09:50:39;09:50:48
QPC;00:11:19;;;09:50:48;10:02:07
REM;00:00:43;;;10:02:07;10:02:50
Alerta;00:00:18;;;10:02:50;10:03:08
QPC;00:12:05;;;10:03:08;10:15:13
QMME;00:00:08;;;10:15:13;10:15:21
QPC;00:01:30;;;10:15:21;10:16:51
QMME;00:00:09;;;10:16:51;10:17:00
QPC;00:19:59;;;10:17:00;10:36:59
REM;00:00:41;;;10:36:59;10:37:40
QPC;00:00:17;;;10:37:40;10:37:57
QPC;00:10:03;;;10:37:57;10:48:00
QMME;00:00:08;;;10:48:00;10:48:08
QPC;00:04:41;;;10:48:08;10:52:49
QMMD;00:00:13;;;10:52:49;10:53:02
QPC;00:19:23;;;10:53:02;11:12:25
REM;00:00:50;;;11:12:25;11:13:15
Alerta;00:00:53;;;11:13:15;11:14:08
QPC;00:10:28;;;11:14:08;11:24:36
QMMD;00:00:02;;;11:24:36;11:24:38
QPC;00:00:10;;;11:24:38;11:24:48
QPC;00:04:12;;;11:24:48;11:29:00
QPC;00:18:38;;;11:29:00;11:47:38
REM;00:00:47;;;11:47:38;11:48:25
QPC;00:00:10;;;11:48:25;11:48:35
Alerta;00:01:25;;;11:48:35;11:50:00
Quieto;00:03:01;;;11:50:00;11:53:01
Alerta;00:02:09;;;11:53:01;11:55:10
Alerta;00:02:23;;;11:55:10;11:57:33
Quieto;00:01:17;;;11:57:33;11:58:50
AMME;00:00:07;;;11:58:50;11:58:57
Alerta;00:01:29;;;11:58:57;12:00:26
QMMD;00:00:08;;;12:00:26;12:00:34
Quieto;00:01:46;;;12:00:34;12:02:20
Alerta;00:01:45;;;12:02:20;12:04:05
AMME;00:00:04;;;12:04:05;12:04:09
Alerta;00:00:34;;;12:04:09;12:04:43
AMME;00:00:06;;;12:04:43;12:04:49
AMME;00:00:12;;;12:04:49;12:05:01
Alerta;00:02:59;;;12:05:01;12:08:00
Quieto;00:04:22;;;12:08:00;12:12:22
QMMD;00:00:21;;;12:12:22;12:12:43
Quieto;00:18:43;;;12:12:43;12:31:26
QPC;00:03:15;;;12:31:26;12:34:41
REM;00:00:41;;;12:34:41;12:35:22
Alerta;00:00:51;;;12:35:22;12:36:13
Quieto;00:05:53;;;12:36:13;12:42:06
QPC;00:01:29;;;12:42:06;12:43:35
QMME;00:00:11;;;12:43:35;12:43:46
Quieto;00:13:14;;;12:43:46;12:57:00
QPC;00:03:50;;;12:57:00;13:00:50
QMME;00:00:06;;;13:00:50;13:00:56
QPC;00:00:58;;;13:00:56;13:01:54
Alerta;00:00:56;;;13:01:54;13:02:50
Ativo;00:02:50;;;13:02:50;13:05:40
Alerta;00:07:46;;;13:05:40;13:13:26
AMMD;00:00:05;;;13:13:26;13:13:31
Alerta;00:12:07;;;13:13:31;13:25:38
Alerta;00:01:17;;;13:25:38;13:26:55
Alerta;00:37:52;;;13:26:55;14:04:47
AMME;00:00:03;;;14:04:47;14:04:50
AMME;00:00:15;;;14:04:50;14:05:05
Alerta;00:19:19;;;14:05:05;14:24:24
Ativo;00:01:16;;;14:24:24;14:25:40
Alerta;00:13:12;;;14:25:40;14:38:52
Ativo;00:00:57;;;14:38:52;14:39:49
Alerta;00:07:49;;;14:39:49;14:47:38
Ativo;00:17:48;;;14:47:38;15:05:26
Alerta;00:05:17;;;15:05:26;15:10:43
QMME;00:00:05;;;15:10:43;15:10:48
Quieto;00:05:12;;;15:10:48;15:16:00
QMME;00:00:12;;;15:16:00;15:16:12
Alerta;00:06:09;;;15:16:12;15:22:21
QMME;00:00:07;;;15:22:21;15:22:28
Quieto;00:00:55;;;15:22:28;15:23:23
Alerta;00:04:27;;;15:23:23;15:27:50
Quieto;00:03:45;;;15:27:50;15:31:35
Alerta;00:03:33;;;15:31:35;15:35:08
Ativo;00:28:05;;;15:35:08;16:03:13
Alerta;00:01:41;;;16:03:13;16:04:54
Quieto;00:00:22;;;16:04:54;16:05:16
QMME;00:00:07;;;16:05:16;16:05:23
Quieto;00:04:57;;;16:05:23;16:10:20
Ativo;00:00:30;;;16:10:20;16:10:50
Alerta;00:01:37;;;16:10:50;16:12:27
AMMD;00:00:06;;;16:12:27;16:12:33
Alerta;00:10:24;;;16:12:33;16:22:57
Ativo;00:02:39;;;16:22:57;16:25:36
Alerta;00:01:32;;;16:25:36;16:27:08
QMMD;00:00:09;;;16:27:08;16:27:17
Quieto;00:01:09;;;16:27:17;16:28:26
Alerta;00:02:09;;;16:28:26;16:30:35
Quieto;00:00:10;;;16:30:35;16:30:45
QMME;00:00:08;;;16:30:45;16:30:53
Quieto;00:01:07;;;16:30:53;16:32:00
Alerta;00:00:40;;;16:32:00;16:32:40
Ativo;00:01:39;;;16:32:40;16:34:19
Alerta;00:06:17;;;16:34:19;16:40:36
Ativo;00:00:30;;;16:40:36;16:41:06
Alerta;00:00:30;;;16:41:06;16:41:36
Ativo;00:00:28;;;16:41:36;16:42:04
Alerta;00:13:00;;;16:42:04;16:55:04
AMMD;00:00:11;;;16:55:04;16:55:15
Alerta;00:00:03;;;16:55:15;16:55:18
Alerta;00:00:20;;;16:55:18;16:55:38
Alerta;00:06:57;;;16:55:38;17:02:35
AMMD;00:00:12;;;17:02:35;17:02:47
Alerta;00:11:10;;;17:02:47;17:13:57
AMME;00:00:12;;;17:13:57;17:14:09
Alerta;00:51:51;;;17:14:09;18:06:00
AMME;00:00:18;;;18:06:00;18:06:18
Alerta;00:30:23;;;18:06:18;18:36:41
AMMD;00:00:17;;;18:36:41;18:36:58
Alerta;00:02:24;;;18:36:58;18:39:22
AMME;00:00:04;;;18:39:22;18:39:26
AMME;00:00:13;;;18:39:26;18:39:39
Alerta;00:05:08;;;18:39:39;18:44:47
AMME;00:00:10;;;18:44:47;18:44:57
Quieto;00:02:20;;;18:44:57;18:47:17
QMMD;00:00:05;;;18:47:17;18:47:22
Quieto;00:00:54;;;18:47:22;18:48:16
QMME;00:00:09;;;18:48:16;18:48:25
Quieto;00:02:25;;;18:48:25;18:50:50
Alerta;00:02:10;;;18:50:50;18:53:00